40
96
104
116
134
140
146
158
164
182
188
194
201
217
225
226
227
229
230
231
233
234
235
237
238
239
241
242
243
245
246
247
249
250
251
253
254
255
257
258
259
261
262
263
265
266
267
269
270
271
273
274
275
277
278
279
281
282
283
285
286
287
289
290
291
293
294
295
297
298
299
409
457
519
535
547
621
622
623
629
630
631
661
662
663
665
666
667
669
670
671
677
678
679
681
682
683
685
801
802
803
805
806
807
809
810
811
813
814
815
817
818
819
821
822
823
825
826
827
829
830
831
833
834
835
837
838
839
841
842
843
845
846
847
849
850
851
853
854
855
857
858
859
861
862
863
865
866
867
869
870
871
873
874
875
877
878
879
881
882
883
885
886
887
889
890
891
893
894
895
897
898
899
900
904
908
912
913
916
917
920
924
925
928
929
932
936
940
944
948
952
953
956
960
964
965
968
972
976
980
984
988
992
996
997
1000
